4294967278,383
4294967279,379
4294967278,382
4294967278,381
4294967279,378
4294967278,380
4294967279,377
4294967278,379
4294967279,376
4294967278,378
4294967279,375
4294967278,377
4294967279,374
4294967278,376
4294967279,373
4294967278,375
4294967279,372
4294967278,374
4294967279,371
4294967278,373
4294967279,370
4294967278,372
4294967278,371
4294967279,369
4294967278,370
4294967279,368
4294967278,369
4294967279,367
4294967278,368
4294967278,367
4294967279,366
4294967278,366
4294967279,365
4294967278,365
4294967279,364
4294967279,363
4294967278,364
4294967279,362
4294967278,363
4294967279,361
4294967278,362
4294967279,360
4294967278,361
4294967279,359
4294967279,358
4294967278,360
4294967279,357
4294967278,359
4294967279,356
4294967279,355
4294967278,358
4294967279,354
4294967278,357
4294967279,353
4294967278,356
4294967278,355
4294967279,352
4294967278,354
4294967279,351
4294967278,353
4294967278,352
4294967279,350
4294967278,351
4294967279,349
4294967278,350
4294967279,348
4294967278,349
4294967279,347
4294967279,346
4294967278,348
4294967279,345
4294967278,347
4294967278,346
4294967279,344
4294967278,345
4294967279,343
4294967278,344
4294967279,342
4294967278,343
4294967279,341
4294967278,342
4294967278,341
4294967279,340
4294967278,340
4294967279,339
4294967278,339
4294967279,338
4294967278,338
4294967278,337
4294967279,337
4294967278,336
4294967279,336
4294967278,335
4294967279,335
4294967278,334
4294967279,334
4294967278,333
4294967279,333
4294967278,332
4294967279,332
4294967278,331
4294967279,331
4294967279,330
4294967278,330
4294967279,329
4294967278,329
4294967279,328
4294967278,328
4294967279,327
4294967278,327
4294967278,326
4294967279,326
4294967278,325
4294967279,325
4294967279,324
4294967278,324
4294967279,323
4294967278,323
4294967278,322
4294967279,322
4294967278,321
4294967278,320
4294967279,321
4294967279,320
4294967294,180
4294967294,420
4294967278,319
4294967278,318
4294967278,317
4294967278,316
4294967294,350
4294967278,315
4294967278,314
4294967278,313
4294967278,312
4294967278,311
4294967278,310
4294967279,319
4294967279,318
4294967279,317
4294967294,419
4294967279,316
4294967279,315
4294967279,314
4294967278,309
4294967278,308
4294967278,307
4294967279,313
4294967279,312
4294967294,766
4294967294,764
4294967294,1245
4294967294,1244
4294967294,1243
4294967294,1242
4294967294,1241
4294967294,1240
4294967294,1239
4294967294,1238
4294967294,1237
4294967294,1236
4294967294,1235
4294967294,1234
4294967294,1233
4294967294,1232
4294967294,1231
4294967294,1230
4294967294,1229
4294967294,1228
4294967294,1227
4294967294,1226
4294967294,1225
4294967294,1224
4294967294,1223
4294967294,1222
4294967294,1221
4294967294,1220
4294967294,1219
4294967294,1218
4294967294,1217
4294967294,1216
4294967294,758
4294967294,757
4294967279,311
4294967278,306
4294967279,310
4294967279,309
4294967279,308
4294967278,305
4294967278,304
4294967278,303
4294967279,307
4294967279,306
4294967279,305
4294967278,302
4294967278,301
4294967279,304
4294967279,303
4294967279,302
4294967278,300
4294967278,299
4294967278,298
4294967278,297
4294967278,296
4294967279,301
4294967279,300
4294967294,418
4294967279,299
4294967278,295
4294967278,294
4294967279,298
4294967278,293
4294967279,297
4294967278,292
4294967279,296
4294967278,291
4294967278,290
4294967279,295
4294967278,289
4294967294,381
4294967278,288
4294967279,294
4294967278,287
4294967278,286
4294967294,417
4294967279,293
4294967278,285
4294967279,292
4294967278,284
4294967279,291
4294967294,1151
4294967279,290
4294967294,1150
4294967279,289
4294967278,283
4294967278,282
4294967279,288
4294967278,281
4294967278,280
4294967279,287
4294967294,1149
4294967294,1148
4294967278,279
4294967279,286
4294967279,285
4294967294,1147
4294967294,1146
4294967279,284
4294967278,278
4294967294,416
4294967279,283
4294967294,1145
4294967279,282
4294967279,281
4294967294,1144
4294967279,280
4294967294,1143
4294967278,277
4294967294,1142
4294967278,276
4294967279,279
4294967279,278
4294967278,275
4294967278,274
4294967294,1141
4294967278,273
4294967279,277
4294967278,272
4294967294,1140
4294967279,276
4294967294,1139
4294967278,271
4294967279,275
4294967278,270
4294967294,1138
4294967279,274
4294967278,269
4294967278,268
4294967278,267
4294967294,1137
4294967278,266
4294967279,273
4294967279,272
4294967278,265
4294967279,271
4294967278,264
4294967278,263
4294967294,1136
4294967278,262
4294967279,270
4294967279,269
4294967278,261
4294967278,260
4294967278,259
4294967279,268
4294967279,267
4294967279,266
4294967279,265
4294967294,1135
4294967294,1134
4294967294,1133
4294967294,1132
4294967294,1131
4294967294,1130
4294967294,1129
4294967294,1128
4294967294,1127
4294967294,1126
4294967279,264
4294967279,263
4294967278,258
4294967278,257
4294967294,1125
4294967294,1124
4294967294,1123
4294967294,1122
4294967279,262
4294967278,256
4294967294,1121
4294967279,261
4294967294,1120
4294967279,260
4294967294,1119
4294967294,1118
4294967294,1117
4294967294,1116
4294967294,1181
4294967294,1180
4294967294,1179
4294967294,1178
4294967294,1177
4294967294,1176
4294967294,1175
4294967294,1174
4294967294,1173
4294967294,1172
4294967294,1171
4294967294,1170
4294967294,1169
4294967294,1168
4294967294,1167
4294967294,1166
4294967294,1165
4294967294,1164
4294967294,1163
4294967294,1162
4294967294,1161
4294967294,1160
4294967294,1159
4294967294,1158
4294967294,1157
4294967294,1156
4294967294,1155
4294967294,1154
4294967294,1153
4294967294,1152
4294967294,1115
4294967294,1114
4294967294,1113
4294967294,1112
4294967294,1111
4294967294,1110
4294967294,1109
4294967294,1108
4294967294,1107
4294967294,1106
4294967294,1105
4294967294,1104
4294967294,1103
4294967294,1102
4294967294,1101
4294967294,1100
4294967294,1099
4294967294,1098
4294967294,1097
4294967294,1096
4294967294,1095
4294967294,1094
4294967294,1093
4294967294,1092
4294967294,1091
4294967294,1090
4294967294,1089
4294967294,1088
4294967279,259
4294967279,258
4294967279,257
4294967279,256
4294967278,255
4294967278,254
4294967279,255
4294967294,415
4294967278,253
4294967279,254
4294967278,252
4294967278,251
4294967278,250
4294967278,249
4294967294,1021
4294967279,253
4294967279,252
4294967294,414
4294967278,248
4294967279,251
4294967278,247
4294967294,413
4294967279,250
4294967279,249
4294967279,248
4294967278,246
4294967279,247
4294967279,246
4294967294,412
4294967279,245
4294967279,244
4294967279,243
4294967278,245
4294967278,244
4294967279,242
4294967278,243
4294967279,241
4294967278,242
4294967279,240
4294967279,239
4294967294,411
4294967279,238
4294967278,241
4294967278,240
4294967278,239
4294967294,410
4294967278,238
4294967278,237
4294967279,237
4294967278,236
4294967279,236
4294967279,235
4294967278,235
4294967278,234
4294967278,233
4294967279,234
4294967279,233
4294967278,232
4294967279,232
4294967278,231
4294967278,230
4294967278,229
4294967279,231
4294967279,230
4294967278,228
