68,52
68,51
68,50
68,49
68,48
68,47
68,46
68,45
68,44
68,43
68,42
68,41
68,40
68,39
68,38
68,37
68,36
0,555
0,554
79,13
79,12
79,11
79,10
79,9
79,8
79,7
79,6
79,5
79,4
79,3
79,2
79,1
79,0
0,553
0,552
78,121
78,120
78,119
78,118
78,117
78,128
78,116
78,115
78,114
78,113
78,112
78,111
78,110
78,109
78,108
78,107
78,106
78,105
78,104
78,103
78,102
78,101
78,100
78,99
78,98
78,97
78,96
78,95
78,94
78,93
78,92
78,91
78,90
78,89
78,88
78,87
78,86
78,85
78,84
78,83
78,82
78,81
78,80
78,79
78,78
78,77
78,76
78,75
78,74
78,73
78,72
78,71
78,70
78,69
78,68
78,67
78,66
78,65
78,64
78,36
78,35
78,34
78,33
78,32
78,31
78,30
78,29
78,28
78,27
78,26
78,25
78,24
78,23
78,22
78,21
78,20
78,19
78,18
78,17
78,16
78,15
78,14
78,13
78,12
78,11
78,10
78,9
78,8
78,7
78,6
78,5
78,4
78,3
78,2
78,1
78,0
77,8
77,7
77,6
77,5
77,4
77,3
77,2
77,1
77,0
76,4
76,3
76,2
76,1
76,0
75,4
75,3
75,2
75,1
75,0
74,3
74,2
74,1
74,0
73,3
73,2
73,1
73,0
72,13
72,12
72,11
72,10
72,9
72,8
72,7
72,6
72,5
72,4
72,3
72,2
72,1
72,0
71,7
71,6
71,5
71,4
71,3
71,2
71,1
71,0
0,551
70,5
70,4
70,3
70,2
70,1
70,0
0,550
69,40
69,39
69,38
69,86
69,85
69,84
69,83
69,82
69,81
