37,2
37,1
37,3
38,2
38,1
38,3
36,2
36,1
36,3
20,2
20,1
20,3
19,2
19,1
19,3
54,3
54,2
54,1
54,0
53,3
53,2
53,1
53,0
52,13
52,12
52,11
52,10
52,9
52,8
52,7
52,6
52,5
52,4
52,3
52,2
52,1
52,0
51,128
51,121
51,120
51,119
51,118
51,117
51,116
51,115
51,114
51,113
51,112
51,111
51,110
51,109
51,108
51,107
51,106
51,105
51,104
51,103
51,102
51,101
51,100
51,99
51,98
51,97
51,96
51,95
51,94
51,93
51,92
51,91
51,90
51,89
51,88
51,87
51,86
51,85
51,84
51,83
51,82
51,81
51,80
51,79
51,78
51,77
51,76
51,75
51,74
51,73
51,72
51,71
51,70
51,69
51,68
51,67
51,66
51,65
51,64
51,36
51,35
51,34
51,33
51,32
51,31
51,30
51,29
51,28
51,27
51,26
51,25
51,24
51,23
51,22
51,21
51,20
51,19
51,18
51,17
51,16
51,15
